trans: [1.52171829035, 0.0369748726234, 0.890261972449, ]
rot: [-0.630479601548, -0.632625451958, 0.319212906851, 0.316833757147, ]
rot_euler: [-2.20860926544, 0.00164025575416, 1.57502002976, ]
parent: /base
child: /kinect2_link
