trans: [1.35257971224, 0.0491831814997, 0.850775088406, ]
rot: [-0.594714342582, -0.594384744665, 0.386283948945, 0.379218059728, ]
rot_euler: [-1.99760980422, 0.00865445832116, 1.57581356354, ]
parent: /base
child: /kinect2_link
