trans: [1.40348115304, -0.0675788758489, 0.873491855492, ]
rot: [-0.625424940407, -0.567082560367, 0.367799494531, 0.389851953269, ]
rot_euler: [-2.01036169881, 0.0179064231533, 1.48439322226, ]
parent: /base
child: /kinect2_link
